  -1   -1   -1   -1   -1   -1   -1   -1   -1   -1   -1   -1   -1   -1   -1   -1   -1   -1   -1 
  -1   -1   -1   -1   -1   -1  479   -1  277  278   -1   -1  479   -1   -1   -1   -1   -1   -1 
  -1   -1   -1   -1   -1   -1  514   -1  312  313   -1   -1  514   -1   -1   -1   -1   -1   -1 
  -1   -1   -1   -1   -1   -1   -1   -1  347  348   -1   -1   -1   -1   -1   -1   -1   -1   -1 
  -1   -1   -1   -1   -1   -1   -1   51   52   53   -1   54   -1   -1   -1   -1   -1   -1   -1 
  -1   -1   -1   -1   -1   -1   -1   86   87   88   -1   89   -1   -1   -1   -1   -1   -1   -1 
  -1   -1   -1   -1   -1  479   -1   -1   -1   -1   -1   -1   -1  479   -1   -1   -1   -1   -1 
  -1   -1   -1  428   -1  514   -1   -1   -1   -1   -1   -1   -1  514   -1  428   -1   -1   -1 
  -1   -1   -1  369   -1   -1   -1   -1   -1   -1   -1   -1   -1   -1   -1  369   -1   -1   -1 
  -1   -1  479  404   -1   90   -1   -1   -1   -1   -1   -1   -1   90   -1  404  479   -1   -1 
  -1   -1  514   -1   -1   -1   -1   -1   -1   -1   -1   -1   -1   -1   -1   -1  514   -1   -1 
  -1   -1   -1   -1   -1   -1   -1   -1   -1   -1   -1   -1   -1   -1   -1   -1   -1   -1   -1 
  -1   -1   -1   -1   -1   -1   -1   -1   -1   -1   -1   -1   -1   -1   -1   -1   -1   -1   -1 
  -1  380   -1   -1   -1   -1   -1   -1   -1   -1   -1   -1   -1   -1   -1   -1   -1  380   -1 
  -1  415   -1   -1   -1   -1   -1   -1   -1   -1   -1   -1   -1   -1   -1   -1   -1  415   -1 
  -1  450   -1   -1   -1   -1   -1   -1   -1   -1   -1   -1   -1   -1   -1   -1   -1  450   -1 
  -1   -1   -1   -1   -1   -1   -1   -1   -1   -1   -1   -1   -1   -1   -1   -1   -1   -1   -1 
  -1   -1   -1   -1   -1   -1   -1   -1   -1   -1   -1   -1   -1   -1   -1   -1   -1   -1   -1 
  -1   -1   -1   -1   -1   -1   -1   -1   -1   -1   -1   -1   -1   -1   -1   -1   -1   -1   -1 
  -1   -1   -1   -1   -1   -1   -1   -1   -1   -1   -1   -1   -1   -1   -1   -1   -1   -1   -1 
  -1   -1   -1   -1   -1   -1   -1   -1   -1   -1   -1   -1   -1   -1   -1   -1   -1   -1   -1 
  -1   -1   -1   -1   -1   -1   -1   -1   -1   -1   -1   -1   -1   -1   -1   -1   -1   -1   -1 