  -1   -1   -1   -1   -1   -1   -1   -1   -1   -1   -1   -1   -1   -1   -1 
  -1   -1   -1   -1   -1   -1   -1   -1   -1   -1   -1   -1   -1   -1   -1 
  -1   -1   -1   -1   -1   -1   -1   -1   -1   -1   -1   -1   -1   -1   -1 
  -1   -1   -1   -1  143   -1   -1   -1   -1  306  143   -1   -1   29   -1 
  -1   -1   -1   -1  178   -1   -1   -1   -1   -1  178   -1   -1   64   -1 
  -1   62   -1   -1  213   -1   -1   -1   -1   -1  213   -1   -1   -1   -1 
  -1   -1   -1   -1   -1   -1   -1   -1   -1   -1   -1   -1   -1   -1   -1 
  -1   -1   -1   -1  143   -1   -1   -1   -1   -1  143   -1   -1   -1   -1 
  -1   -1   -1   -1  178   -1   -1   -1   -1   -1  178   -1   -1   -1   -1 
  -1   -1   -1   -1  213   -1   -1   -1   -1   -1  213   -1   -1   -1   -1 
  -1   28   -1   -1   -1   -1   -1   -1   -1   -1   -1   -1   -1   29   -1 
  -1   63   -1   -1  143   -1   -1   -1   -1   -1  143   -1   -1   64   -1 
  -1   -1   -1   -1  178   -1   -1   -1   -1   -1  178   -1   -1   -1   -1 
  -1   -1   -1   -1  213   -1   -1   -1   -1   -1  213   -1   -1   -1   -1 
  -1   -1   -1   -1   -1   -1   -1   -1   -1   -1   -1   -1   -1   -1   -1 
  -1   -1   -1   -1   -1   -1   -1   -1   -1   -1   -1   -1   -1   -1   -1 
  -1   -1   -1   -1   -1   -1   -1   -1   -1   -1   -1   -1   -1   -1   -1 
  -1   -1   -1   -1   -1   -1   -1   -1   -1   -1   -1   -1   -1   -1   -1 
  -1   -1   -1   -1   -1   -1   -1   -1   -1   -1   -1   -1   -1   -1   -1 
  -1   -1   -1   -1   -1   -1   -1   -1   -1   -1   -1   -1   -1   -1   -1 