  -1   -1   -1   -1   -1   -1   -1   -1   -1   -1   -1   -1   -1   -1   -1   -1   -1   -1   -1   -1   -1   -1   -1   -1   -1   -1   -1   -1   -1   -1   -1   -1   -1   -1   -1   -1   -1   -1   -1   -1   -1   -1   -1   -1   -1   -1   -1   -1   -1   -1 
  -1   -1   -1   -1   -1   -1   -1   -1   -1   -1   -1   -1   -1   -1   -1   -1   -1   -1   -1   -1   -1   -1   -1   -1   -1   -1   -1   -1   -1   -1   -1   -1   -1   -1   -1   -1   -1   -1   -1   -1   -1   -1   -1   -1   -1   -1   -1   -1   -1   -1 
  -1   -1   -1   -1   -1   -1   -1   -1   -1   -1   -1   -1   -1   -1   -1   -1   -1   -1   -1   -1   -1   -1   -1   -1   -1   -1   -1   -1   -1   -1   -1   -1   -1   -1   -1   -1   -1   -1   -1   -1   -1   -1   -1   -1   -1   -1   -1   -1   -1   -1 
  -1   -1   -1   -1   -1   -1   -1   -1   -1   -1   -1   -1   -1   -1   -1   -1   -1   -1   -1   -1   -1   -1   -1   -1   -1   -1   -1   -1   -1   -1   -1   -1   -1   -1   -1   -1   -1   -1   -1   -1   -1   -1   -1   -1   -1   -1   -1   -1   -1   -1 
  -1   -1   -1   -1   -1  368  369  370   -1   -1   -1   -1   -1   -1   -1   -1   -1   -1   -1   -1   -1   -1   -1   -1   -1   -1   -1   -1   -1   -1   -1   -1   -1   -1   -1   -1   -1   -1  368  369  370   -1   -1   -1   -1   -1   -1   -1 1053 1054 
 312  313  314   -1   -1   -1   -1   -1  368  369  370  755   -1  304  305  306  307   -1   -1  368  369  370  368  369  370   -1   -1   -1   -1   -1   -1  368  369  370   -1   -1   -1   -1  839   -1   -1   -1   -1   -1   -1   -1   -1   -1   -1   -1 
  -1   -1   -1   -1   -1   -1   -1  368  369  370   -1   -1   -1   -1   -1   -1   -1   -1   -1   -1  368  369  370   -1   -1   -1   -1   -1   -1   -1   -1   -1  905   -1   -1   -1   -1  688   -1   -1   -1   -1   -1   -1  102   -1   -1   -1   -1   -1 
  -1   -1   -1   35   -1   -1   -1  838   -1   -1   -1   -1   -1   -1   -1   -1   -1   -1  368  369  370  368  369  370   -1   -1   -1  839   -1   -1   -1   -1   -1  838   -1   -1   49   -1   -1   -1   -1   -1   -1   -1   -1   -1   -1   -1   -1   -1 
  -1   -1   -1 1053 1054   -1   -1   -1   -1   -1   -1   -1   -1  839   -1   -1   -1   -1   -1   -1   -1   -1  368  369  370   -1   -1   -1   35   -1   -1   -1   -1   -1   -1   -1   -1   -1   -1   -1   -1  838   -1   -1   -1   -1  839   -1   -1   -1 
  -1   -1   -1   -1   -1  116   -1   -1   -1   -1  839   -1   -1   -1   -1   -1   -1   -1   -1  503  504   -1   -1   -1   -1   -1   -1   -1   -1   -1   -1   -1   -1   -1   -1   -1   -1   -1   -1  253   -1   -1   -1   -1   -1   -1   -1   -1   -1   -1 
  -1  822  823   -1   -1   -1  455   -1   -1   -1   -1   -1 1053 1054   -1   -1   -1   -1   -1   -1   -1   -1   -1    5   -1   -1   -1   -1   -1   -1   -1  583  584   -1   -1   -1   -1   -1   -1   -1   -1   -1   -1   -1   -1   -1   -1   -1  455   -1 
  -1   -1   -1   -1   -1   -1   -1 1050 1051  181   -1   -1   -1   -1   -1   -1   -1   -1   -1   -1   -1   -1   -1   -1   -1   -1   -1   -1   -1   -1   -1   -1   -1   -1   -1   -1   -1   -1   -1   -1   -1   -1   -1   -1   -1   -1   -1   -1   -1   -1 
  -1   -1   -1   -1   -1   -1   -1   -1   -1   -1   -1   -1   -1   -1   -1   -1   -1   -1   -1   -1   -1   -1   -1   -1   -1   -1   -1   -1   -1   -1   -1   -1   -1   -1   -1   -1   -1   -1   -1   -1   -1   -1   -1   -1   -1   -1   -1   -1   -1   -1 
  -1   -1   -1   -1   -1   -1   -1   -1   -1   -1   -1   -1   -1   -1   -1   -1   -1   -1   -1   -1   -1   -1   -1   -1   -1   -1   -1   -1   -1   -1   -1   -1   -1   -1   -1   -1   -1   -1   -1   -1   -1   -1   -1   -1   -1   -1   -1   -1   -1   -1 
  -1   -1   -1   -1   -1   -1   -1   -1   -1   -1   -1   -1   -1   -1   -1   -1   -1   -1   -1   -1   -1   -1   -1   -1   -1   -1   -1   -1   -1   -1   -1   -1   -1   -1   -1   -1   -1   -1   -1   -1   -1   -1   -1   -1   -1   -1   -1   -1   -1   -1 
  -1   -1   -1   -1   -1   -1   -1   -1   -1   -1   -1   -1   -1   -1   -1   -1   -1   -1   -1   -1   -1   -1   -1   -1   -1   -1   -1   -1   -1   -1   -1   -1   -1   -1   -1   -1   -1   -1   -1   -1  304  305  306  307   -1   -1   -1   -1   -1   -1 
  -1   -1   -1   -1   -1   -1   -1   -1   -1   -1  755   -1   -1   -1  253   -1   -1   -1   -1   -1   -1   -1   -1   -1   -1   -1   -1  583  584   -1   -1   -1   -1   -1  455   -1   -1   -1   -1   -1   -1   -1   -1   -1   -1   -1   -1   -1   -1   -1 
  -1   -1   -1   -1   -1  839   -1   -1   -1   -1   -1   -1   -1   -1   -1   -1   -1   -1   -1   -1  304  305  306  307   -1   -1   -1   -1   -1   -1   -1   -1   -1   -1   -1   -1   -1   -1   -1   -1   -1   -1   -1   -1   -1   -1   -1   -1   -1   -1 
  -1   -1   -1   -1   -1   -1   -1  304  305  306  307   -1   -1   -1   -1   -1   -1   -1   -1   -1   -1   -1   -1   -1   -1   -1   -1   -1   -1   -1   -1   -1   -1   -1   -1   -1  102   -1   -1   -1   -1   -1   -1  503  504   -1   -1   -1   -1   -1 
  -1   -1   -1  755   -1   -1   -1  387   -1   -1   -1   -1   -1  181   -1   -1   -1   -1   -1   -1   -1   -1   -1   -1   -1   -1   -1   -1   -1   -1   -1   -1   -1   -1   -1   -1   -1   -1   -1   -1   -1   -1   -1   -1   -1   -1   -1   -1   -1   -1 
  -1 1050 1051   -1   -1   -1   -1   -1   -1   -1   -1   -1   -1   -1   -1   -1   -1   -1   -1   -1   -1   -1   -1   -1   -1   -1   -1   -1   -1   -1   -1  839   -1   -1   -1   -1   -1   -1   -1  308  309  310  311   -1   -1   -1   -1   -1   -1   -1 
  -1   -1   -1   -1   -1   -1   -1   -1   -1   -1   -1   -1   -1   -1   -1   -1   -1   -1   -1   -1   -1   -1 1050 1051   -1   -1   -1   -1   -1   -1   -1   -1   -1   -1   -1   -1   -1   -1  838   -1   -1   -1   -1   -1  838   -1   -1   -1   -1   -1 
  -1   -1   -1   -1   -1   -1   -1   -1   -1  838   -1   -1   -1   -1   -1   -1  688   -1   -1   -1   -1   -1   -1   -1   -1   -1   -1   -1   -1   -1  755   -1   -1   -1   -1   -1   -1   -1   -1   -1   -1   -1   -1   -1   -1   -1   -1   -1   -1   -1 
  -1   -1   -1  503  504   -1   -1   -1   -1   -1   -1   -1 1050 1051   -1   -1   -1   -1  893   -1   -1   -1   -1   -1   -1   -1   -1   -1   -1   -1   -1   -1   -1   -1   -1   -1   -1   -1   48   -1   -1   -1   -1   -1   -1   -1   -1   -1   -1   -1 
  -1   -1   -1   -1   -1   -1   -1  905   -1   -1   -1   -1   -1   -1   -1   -1  905   -1   -1   -1  905   -1   -1   -1   -1   -1   -1   -1   -1   -1   -1   -1   -1   -1   -1   -1   -1   -1   -1   -1   -1   -1  839   -1   -1   -1  783  784   -1   -1 
  -1  583  584   -1   -1   -1   -1   -1   -1   -1   -1   -1   -1   -1   -1   -1   -1   -1   -1   -1  838   -1   -1   -1   -1   -1   -1   -1   -1   -1  839   -1   -1   -1   -1  893   -1   -1   -1   -1   -1   -1   -1   -1   -1   -1   -1   -1   -1   -1 
  -1   -1   -1   -1   -1   -1   -1   -1   -1   -1   -1   -1   -1  839   -1   -1  312  313  314   -1   -1   -1   -1   -1   -1   -1   -1   -1   -1   -1   -1   -1   -1   -1   -1   -1   -1  102   -1   -1   -1   -1   -1   -1   -1   -1   -1   -1   -1   -1 
  -1   -1   -1  554   -1   -1  455   -1   -1   -1   -1   -1   -1   -1   -1   -1   -1   -1   -1   -1   -1   -1   -1   -1   -1   -1   -1   -1   -1   -1  253   -1   -1   -1   -1   -1   -1   -1   -1   -1   -1  304  305  306  307   -1   -1   -1   -1   -1 
  -1   -1   -1   -1   -1   -1   -1   -1   -1   -1   -1   -1   -1   -1   -1   -1   -1   -1   -1   -1   -1 1050 1051   -1   -1   -1   -1   -1   -1   -1   -1   -1   -1   -1  455   -1   -1   -1 1050 1051   -1   -1   -1   -1   -1   -1   -1   -1   -1   -1 
  -1   -1   -1   -1   -1   -1   -1  783  784   -1   -1   -1   -1   -1   -1   -1   -1   -1   -1   -1   -1   -1   -1   -1   -1   -1   -1   -1   -1   -1   -1   -1   -1   -1   -1   -1   -1   -1   -1   -1   -1   -1   -1   -1   -1   -1   -1   -1   -1   -1 